86
3
1 0 0 
1 0 0 
1 0 0 
1 0 0 
1 0 0 
1 0 0 
1 0 0 
1 0 0 
1 33 10 
1 33 10 
1 33 2 
1 33 2 
1 33 2 
1 33 2 
1 0 0 
1 0 0 
1 0 0 
1 0 0 
2 0 0 
2 0 0 
3 0 0 
3 0 0 
4 28 2 
4 28 2 
4 28 2 
4 28 2 
1 2 1 
1 2 1 
1 2 1 
1 2 1 
1 29 2 
1 29 2 
1 29 2 
1 29 2 
1 0 0 
2 0 0 
3 0 0 
4 0 0 
4 4 24 
4 4 24 
4 4 24 
4 4 24 
4 8 20 
4 8 20 
4 4 24 
4 4 24 
4 6 22 
4 6 22 
4 8 20 
4 8 20 
6 8 20 
6 8 20 
8 8 20 
8 8 20 
10 8 14 
10 8 14 
12 8 12 
12 8 12 
14 8 12 
14 8 12 
16 8 6 
16 8 6 
18 8 4 
18 8 4 
20 8 4 
20 8 4 
22 8 2 
22 8 2 
24 6 2 
24 6 2 
24 6 2 
24 6 2 
28 0 0 
28 0 0 
20 6 2 
20 6 2 
20 0 0 
20 0 0 
20 2 2 
20 2 2 
24 0 0 
24 0 0 
26 0 0 
26 0 0 
26 0 0 
26 0 0 
